---
images/banner-med.jpg: 2015-04-01 12:32:45.102333878 +02:00
images/banner-large.jpg: 2015-04-01 12:32:45.102333878 +02:00
images/banner-xl2.jpg: 2015-04-01 12:32:45.102333878 +02:00
images/banner-small.jpg: 2015-04-01 12:32:45.102333878 +02:00
images/banner-xl.jpg: 2015-04-01 12:32:45.102333878 +02:00
images/banner-large.png: 2015-04-01 14:42:39.496428670 +02:00
images/banner-small.png: 2015-04-01 14:42:40.066423085 +02:00
images/banner-med.png: 2015-04-01 14:42:41.274411249 +02:00
images/banner-xl.png: 2015-04-01 14:42:44.839376317 +02:00
